Duration_125000
4515,14
4536,14
3661,15
3682,15
3702,15
3722,15
4312,15
4332,15
4353,15
4373,15
4475,15
4495,15
4556,15
4576,15
4597,15
4617,15
4637,15
4658,15
4678,15
4698,15
1465,17
1485,17
1505,17
1526,17
1790,17
1810,17
1831,17
1851,17
1872,17
1892,17
1912,17
1932,17
2278,17
3580,17
3600,17
3621,17
3641,17
3743,17
3763,17
3783,17
3804,17
4231,17
4251,17
4271,17
4292,17
4393,17
4414,17
4434,17
4454,17
6183,17
6203,17
6224,17
6244,17
6509,17
6530,17
6549,17
6571,17
6590,17
6610,17
6631,17
6651,17
6997,17
1424,19
1444,19
1546,19
1566,19
1587,19
1607,19
1749,19
1770,19
2441,19
3499,19
3519,19
3539,19
3560,19
3824,19
3844,19
3865,19
3885,19
4149,19
4170,19
4190,19
4210,19
5481,19
5685,19
5807,19
6010,19
6143,19
6163,19
6264,19
6285,19
6305,19
6325,19
6468,19
6488,19
3417,20
3437,20
3458,20
3478,20
4068,20
4088,20
4109,20
4129,20
1305,21
1322,21
1343,21
1363,21
1383,21
1404,21
1627,21
1648,21
1668,21
1688,21
1709,21
1729,21
1953,21
2118,21
2522,21
6020,21
6041,21
6061,21
6081,21
6102,21
6122,21
6346,21
6366,21
6386,21
6407,21
6427,21
6447,21
6671,21
6837,21
7159,21
3336,22
3356,22
3376,22
3397,22
3671,22
3692,22
3712,22
3732,22
3987,22
4007,22
4027,22
4048,22
4322,22
4343,22
4363,22
4383,22
4485,22
4505,22
4525,22
4546,22
4566,22
4587,22
4607,22
4627,22
4648,22
4668,22
4688,22
4708,22
2766,23
2787,23
2807,23
2827,23
1475,24
1495,24
1516,24
1536,24
1800,24
1821,24
1841,24
1861,24
1882,24
1902,24
1922,24
1943,24
2278,24
2685,24
2705,24
2726,24
2746,24
2848,24
2868,24
2888,24
2909,24
3010,24
3031,24
3051,24
3071,24
3254,24
3275,24
3295,24
3315,24
3590,24
3610,24
3631,24
3651,24
3753,24
3773,24
3793,24
3814,24
3905,24
3926,24
3946,24
3966,24
4241,24
4261,24
4282,24
4302,24
4404,24
4424,24
4444,24
4464,24
5645,24
5969,24
6193,24
6214,24
6234,24
6254,24
6519,24
6539,24
6559,24
6580,24
6601,24
6620,24
6641,24
6661,24
6997,24
2603,26
2624,26
2644,26
2665,26
2929,26
2949,26
2970,26
2990,26
3092,26
3112,26
3132,26
3153,26
3173,26
3193,26
3427,27
3448,27
3468,27
3488,27
3509,27
3529,27
3549,27
3570,27
4078,27
4098,27
4119,27
4139,27
4159,27
4180,27
4200,27
4221,27
0,28
326,28
651,28
977,28
3214,28
3234,28
4719,28
5044,28
5370,28
5695,28
163,29
489,29
814,29
1139,29
3346,29
3366,29
3387,29
3407,29
3997,29
4017,29
4037,29
4058,29
4881,29
5207,29
5532,29
5858,29
2695,31
2716,31
2736,31
2756,31
2777,31
2797,31
2817,31
2838,31
2858,31
2878,31
2899,31
2919,31
3021,31
3041,31
3061,31
3082,31
3265,31
3285,31
3305,31
3326,31
3915,31
3936,31
3956,31
3976,31
3661,34
4312,34
4475,34
4518,34
4559,34
3539,36
3583,36
3624,36
3702,36
3743,36
3824,36
4190,36
4234,36
4274,36
4393,36
3783,38
4434,38
4515,38
3417,39
3461,39
3502,39
3542,39
4068,39
4112,39
4152,39
4193,39
4475,39
4556,39
2115,40
2441,40
6834,40
7159,40
1465,41
1872,41
1953,41
2278,41
3580,41
3676,41
3743,41
3804,41
4231,41
4327,41
4383,41
4396,41
4454,41
6183,41
6590,41
6671,41
6997,41
153,43
316,43
763,43
966,43
1088,43
1292,43
1455,43
1546,43
1619,43
1632,43
1663,43
1795,43
1826,43
1932,43
2024,43
2349,43
3254,43
3268,43
3288,43
3499,43
3595,43
3661,43
3692,43
3732,43
3824,43
3908,43
3918,43
3938,43
4149,43
4246,43
4312,43
4343,43
4368,43
4871,43
5034,43
5522,43
5685,43
6173,43
6264,43
6339,43
6351,43
6381,43
6513,43
6544,43
6651,43
6742,43
7069,43
3417,44
3478,44
3610,44
3651,44
3717,44
4068,44
4129,44
4261,44
4302,44
0,45
31,45
163,45
194,45
672,45
695,45
725,45
736,45
793,45
834,45
858,45
997,45
1020,45
1051,45
1061,45
1119,45
1160,45
1183,45
1302,45
1407,45
1444,45
1465,45
1627,45
1638,45
1658,45
1668,45
1793,45
1800,45
1821,45
1831,45
1872,45
1968,45
2009,45
2034,45
2131,45
2197,45
2294,45
2334,45
2360,45
2456,45
2726,45
2888,45
3051,45
4719,45
4749,45
4881,45
4912,45
5370,45
5400,45
5532,45
5563,45
6020,45
6125,45
6163,45
6183,45
6346,45
6356,45
6377,45
6386,45
6519,45
6539,45
6549,45
6590,45
6686,45
6727,45
6753,45
6849,45
6916,45
7012,45
7054,45
7078,45
7175,45
7241,45
3336,46
3397,46
3432,46
3458,46
3636,46
3987,46
4048,46
4083,46
4109,46
4286,46
11,47
41,47
72,47
143,47
173,47
204,47
234,47
305,47
956,47
1282,47
1409,47
1434,47
1546,47
1994,47
2156,47
2319,47
2482,47
2644,47
2675,47
2766,47
2827,47
2970,47
3000,47
3244,47
4729,47
4759,47
4790,47
4861,47
4892,47
4922,47
4953,47
5024,47
5380,47
5410,47
5441,47
5512,47
5542,47
5573,47
5603,47
5675,47
6127,47
6153,47
6264,47
6712,47
6875,47
7037,47
7200,47
21,48
51,48
82,48
112,48
133,48
183,48
214,48
244,48
275,48
295,48
326,48
356,48
489,48
519,48
926,48
1251,48
1424,48
1699,48
1861,48
1983,48
2146,48
2171,48
2309,48
2471,48
2497,48
2599,48
2655,48
2685,48
2746,48
2787,48
2817,48
2848,48
2909,48
2980,48
3010,48
3071,48
3254,48
3285,48
3376,48
3448,48
3905,48
3936,48
4027,48
4098,48
4353,48
4739,48
4770,48
4800,48
4831,48
4851,48
4902,48
4932,48
4963,48
4993,48
5014,48
5044,48
5075,48
5207,48
5237,48
5390,48
5420,48
5451,48
5481,48
5502,48
5552,48
5583,48
5615,48
5645,48
5664,48
5695,48
5726,48
5858,48
5888,48
6143,48
6417,48
6580,48
6702,48
6864,48
6890,48
7027,48
7191,48
7215,48
61,50
92,50
122,50
224,50
255,50
285,50
336,50
367,50
397,50
468,50
499,50
529,50
560,50
631,50
895,50
1221,50
2187,50
2512,50
2593,50
2604,50
2665,50
2797,50
2929,50
2990,50
3092,50
3191,50
3305,50
3336,50
3956,50
3987,50
4780,50
4811,50
4841,50
4942,50
4973,50
5003,50
5054,50
5085,50
5115,50
5187,50
5218,50
5247,50
5278,50
5349,50
5431,50
5461,50
5492,50
5593,50
5624,50
5654,50
5706,50
5735,50
5766,50
5837,50
5868,50
5898,50
5929,50
6001,50
6905,50
7230,50
3315,51
3966,51
102,52
265,52
346,52
376,52
407,52
458,52
509,52
539,52
570,52
621,52
885,52
1211,52
1505,52
1648,52
1688,52
1709,52
1810,52
1851,52
2522,52
3153,52
3232,52
4820,52
4983,52
5065,52
5095,52
5126,52
5176,52
5227,52
5258,52
5288,52
5339,52
5471,52
5634,52
5715,52
5746,52
5776,52
5827,52
5879,52
5909,52
5939,52
5990,52
6224,52
6366,52
6407,52
6427,52
6530,52
6571,52
387,53
417,53
448,53
550,53
580,53
610,53
3173,53
3204,53
3326,53
3976,53
5105,53
5136,53
5166,53
5268,53
5298,53
5329,53
5756,53
5787,53
5817,53
5919,53
5949,53
5980,53
428,55
590,55
1678,55
1841,55
3214,55
5146,55
5309,55
5797,55
5959,55
6397,55
6559,55
